
methodClassification <- list(
  modern = c(100:108, 110:112, 120:122, 130:136, 140, 150, 160),
  traditional = c(141, 200, 210:217, 220, 230:236),
  other = c(300:304),
  notusing = c(999), 
  exclude = c(997, 998)
)
  
